2.99160230118e-09 0.999999995963 -4.52888931912e-09 2.5297676445e-09 -2.35006680782e-10 -3.2839308356e-10 
-0.230256140561 0.0515481765805 0.223666348534 -0.0593472965817 0.0114819752509 0.0188029037619 
-2.23545385722e-08 1.02567849997e-06 3.55260047756e-08 0.999998566784 3.64639778138e-09 2.81746538029e-08 
-0.104025786728 0.104916433905 0.0790489510046 -0.141083475553 0.00794912655642 0.0130172888708 
5.37779710328e-16 4.09394740331e-15 -5.15212872365e-16 -6.65717413378e-15 -1.76074432812e-16 1.0 
-0.046233331568 0.0466308850295 0.0688211362142 -0.0182610505588 -0.0135069732474 -0.0942130709172 

3.62641527918e-10 3.62643470808e-10 3.62643470808e-10 
0.026884467435 0.026884467435 0.026884467435 
-2.68419022718e-09 -2.68419417021e-09 -2.68419428123e-09 
0.0186123319876 0.0186123319876 0.0186123319876 
-1.13190706807e-16 -1.59160878921e-16 2.98806118737e-16 
0.0082720882668 0.0082720882668 0.0082720882668 

1.0 1.44181322098e-15 2.08357731148e-15 -6.71892935525e-16 9.44926025129e-17 1.20268408192e-16 
2.22980173842e-15 5.93969318174e-15 1.0 -9.68973165594e-15 -1.11022302463e-16 -5.98479599212e-17 
2.27319805849e-15 1.15463194561e-14 -2.55351295664e-15 -1.55407371e-14 1.0 9.54097911787e-18 

-2.06740909966e-15 4.17258821158e-16 8.09345170195e-16 
2.58126853225e-15 -9.15933995316e-16 -1.47104550763e-15 
5.55111512313e-17 5.55111512313e-17 5.55111512313e-17 

