0.000146285533439 0.999949594565 -1.72758649719e-05 -5.01374146484e-05 4.66950771224e-06 0.000136165605973 
-0.0798017023403 -0.0972296550383 5.03039805243e-05 -0.000315449137282 6.10088284125e-06 0.000487111383585 
-5.33294745796e-05 2.09347263321e-05 6.92129772465e-06 1.00002081809 -2.03198537228e-06 -5.04650403044e-05 
-0.00459461695681 -0.0610786192988 -0.0768826226955 -0.0934114839564 -0.000218526899677 -0.00498854594018 
6.42347959756e-06 -1.22470585234e-06 -7.90945867539e-07 -2.47593265875e-06 4.9101637482e-07 1.00000766846 
-2.7341674544e-06 -1.77747034693e-05 -1.46334599705e-07 2.58943809887e-06 -0.0170400716959 -0.100004012752 


1.0 -7.31119564401e-16 -1.41779323912e-17 3.12998084312e-16 3.74856484859e-17 1.27097192133e-16 
1.97113860875e-15 -4.4408920985e-16 1.0 6.80011602583e-16 2.671474153e-16 1.71390679427e-15 
-1.80826267521e-15 3.35148575559e-15 2.77555756156e-16 -3.73399228204e-16 1.0 1.75640751943e-16 


0.00331475507214 -0.0101889707034 1.15475857713e-05 0.000108448450833 -0.000244710965544 0.0776302713555 
0.000810891610893 -0.0440686104092 6.97651617849e-06 6.71357866408e-05 0.00524818269876 0.384613125744 
0.000179579602989 0.00202865518797 0.00902210421708 -2.73874276254e-05 0.000223039175263 -0.0203501288079 
-0.059234911252 -0.420730646539 0.00883546206066 0.020762160146 -0.118438024682 -4.76383847617 
-3.88673822595e-05 -0.000421157777931 5.32123215503e-07 4.49960593696e-06 0.00174638905299 0.00349693527389 
5.87425305436e-06 4.89160337498e-05 -1.17880140881e-07 -1.07145838138e-06 0.000165281241655 0.000261103000606 


---------------------------------------------------------------------------------------------
0.0 0.0 -0.0 0.0 -0.0 0.0 
-0.0 -0.0 -0.0 -0.0 -0.0 -0.0 
0.0 0.0 0.0 0.0 -0.0 0.0 
-0.0 -0.0 -0.0 -0.0 -0.0 -0.0 
0.0 0.0 0.0 0.0 0.0 0.0 
-0.0 0.0 -0.0 0.0 -0.0 -0.0 


0.0 -0.0 0.0 0.0 0.0 0.0 
0.0 -0.0 0.0 -0.0 0.0 0.0 
0.0 -0.0 0.0 -0.0 0.0 -0.0 


0.0 0.0 -0.0 0.0 -0.0 0.0 
-0.0 -0.0 -0.0 -0.0 -0.0 -0.0 
0.0 0.0 0.0 0.0 -0.0 0.0 
-0.0 -0.0 -0.0 -0.0 -0.0 -0.0 
0.0 0.0 0.0 0.0 0.0 0.0 
-0.0 -0.0 -0.0 -0.0 -0.0 -0.0 


---------------------------------------------------------------------------------------------
-0.0875752580424 0.141166070328 -0.00390595936704 0.116699086045 -0.00489933538332 0.0942117608305 
-0.0316569505251 -0.00607476338358 -0.00435586560698 -0.0203580033118 -0.00408963733351 -0.00188176119797 
0.109116630676 0.116696482751 -0.0118529220387 0.961255234239 -0.0205045913823 0.0140109651197 
-0.00356209840838 -0.0263501964091 -0.0757306022291 -0.0976839989806 0.000799164584674 -0.0086024303694 
-0.0919080339588 0.0941479716897 0.0167794750567 0.0139614750785 -0.0315214973479 0.253398184158 
0.00818315296188 -0.00933507537757 -0.00150967951533 -0.00105669554189 -0.0121316583303 -0.0248126125061 


0.805022205076 -0.0982934370599 0.02249407881 0.0440939484226 -0.0145005083386 -0.0856982841541 
0.02249407881 0.00234605454871 0.997122172065 -0.00393733378883 0.00341678779309 0.016206255704 
-0.0145005083386 0.0575826422926 0.00341678779309 -0.00732518940379 0.969237104452 -0.0322372573909 


0.136943012232 -0.00643195062709 0.00144717888668 0.0203113598488 -0.0119384200837 0.000765010648617 
-0.00604154390173 0.00107426514609 -0.000136473551697 0.00537086989246 -0.00313350537428 9.42364550378e-05 
0.00397112759868 0.00326070777525 0.00908551226624 0.0199155601087 -0.0316273286061 0.000771013607589 
-0.0337710575503 0.00146698642307 0.00752509320511 0.000327405684211 0.00366265875414 -0.000246052503522 
0.0114729325077 0.00258510703474 1.13884672289e-05 -0.000643569843128 -0.0250695072059 0.000127015232536 
-0.00161354087149 -0.000207307181367 -4.29168314848e-05 -0.000537970669207 0.00207132895512 -9.99255286042e-06 


---------------------------------------------------------------------------------------------
