1.20998922803e-06 1.00000129608 -1.64868685622e-06 -2.47276766875e-06 -2.80043385274e-08 6.23941866683e-08 
-0.289459586851 0.0912898510492 0.313388479624 0.04119158271 0.0167111519192 0.141355681527 
6.66513782249e-07 1.00592402443e-06 -8.94873658403e-07 0.999998246775 -2.70053003632e-08 -2.13343658946e-07 
-0.145012584984 0.132429248643 0.141164256927 -0.0714791415539 0.0115692000841 0.0978622246621 
-5.22396496186e-07 -4.39584286373e-06 3.84221123197e-07 6.5530224636e-06 1.88565035128e-07 1.00000034996 
-0.0644495009516 0.0588734475893 0.0964290053562 0.0126513496496 -0.0118989156618 -0.0565071916424 

1.50307721072e-08 1.49312087497e-08 1.49269945374e-08 
0.0202486209855 0.0204830826326 0.0204853370638 
1.0395513662e-08 9.95185788325e-09 9.93959979981e-09 
0.0140182743614 0.0141805965576 0.0141821574618 
-2.20702978776e-10 -8.60180227708e-10 -8.6232512308e-10 
0.00623037170494 0.00630251598266 0.00630320970627 

1.0 -2.51971645256e-16 -8.54350547353e-16 8.89705201326e-17 -4.22391205341e-16 -1.61482764092e-16 
-4.18982154377e-16 3.71924713249e-15 1.0 -5.38403956835e-15 -3.88578058619e-16 1.67834496301e-16 
-4.26224635141e-16 -4.88498130835e-15 -4.99600361081e-16 4.39795769247e-15 1.0 -7.4593109467e-17 

-3.64581883537e-16 -4.74759086936e-17 7.21222219915e-16 
6.66133814775e-16 -5.55111512313e-17 -8.32667268469e-16 
2.22044604925e-16 -8.32667268469e-17 -5.55111512313e-17 

-9.88033266314e-12 0.00685496945593 1.74666838285e-10 -0.164478020958 8.09130540347e-13 0.664565630508 
8.11960069685e-06 193.64051044 -0.000117557212003 -52193.1039048 -2.69305916817e-07 -1416479.27996 
-8.19693161329e-11 0.0123297905629 1.82711656911e-09 -0.359470682477 2.35915010862e-12 2.8350364896 
5.62153960405e-06 133.985588057 -8.1391689482e-05 -36131.3311753 -1.86440077793e-07 -980656.859892 
-6.17571177841e-12 -0.00920769050488 1.4959051601e-10 0.371771584696 -5.72733561385e-12 3.78582410421 
2.49847948464e-06 59.6087961086 -3.61746473388e-05 -16060.3066527 -8.28406691578e-08 -435853.519135 

