6.48259051506e-05 1.00015898209 -8.13649642918e-06 -2.87706651211e-05 -8.3497706093e-06 -7.78373500219e-05 
-0.0800075527787 -0.100018309637 9.34111465991e-07 3.28560084516e-06 8.22119031404e-07 7.93235243257e-06 
-4.9013439071e-06 -1.51608174075e-05 5.35726736355e-07 1.00000209056 -3.24779454411e-07 1.33207028266e-05 
-1.3023311409e-05 9.55673926141e-06 -0.0757981318369 -0.100000507278 -3.06748830582e-07 -4.83959298556e-06 
-1.35476500173e-08 -2.29201703005e-06 1.81165006527e-08 3.70762312947e-07 -5.3556676654e-10 0.999997968474 
-7.50927295208e-09 -5.32886273715e-07 -3.73893121876e-09 7.96372231442e-08 -0.0170400031389 -0.0999996941048 


1.0 -2.94133458524e-16 8.120838693e-17 6.94258931998e-17 -1.59331036959e-16 9.96656279912e-17 
7.99654193239e-15 -6.55031584529e-15 1.0 7.6327832943e-16 1.70002900646e-16 1.69569219777e-15 
-4.51513256735e-16 3.15372727933e-15 9.02056207508e-17 -5.98479599212e-16 1.0 -7.0614087494e-16 


-1.78367987527e-10 3.33426924712e-16 8.43769498715e-15 8.09854742497e-05 2.63196547002e-14 -5.97182056292e-29 
3.95972264216e-11 -3.47304739421e-17 -1.17961196366e-15 -9.50896530027e-06 -3.85947578221e-15 7.86265430294e-30 
5.40091297914e-11 -4.85830876465e-17 1.84696042369e-15 -5.4481287984e-06 -6.08787171299e-15 1.07769856066e-29 
-8.11887826552e-12 4.88414345937e-18 -7.97164898924e-15 -3.7241856491e-06 7.42284213757e-16 -1.30746630772e-30 
5.99385477952e-11 -1.58750831724e-16 -1.60455992297e-16 5.80283111548e-07 6.28237316103e-15 2.86821474554e-29 
-6.05416267331e-12 2.00341590315e-17 7.14858749791e-17 -2.97101826404e-07 -7.09324251223e-16 -2.9223144723e-30 


---------------------------------------------------------------------------------------------
0.0 0.0 -0.0 0.0 -0.0 0.0 
-0.0 -0.0 -0.0 -0.0 0.0 -0.0 
0.0 0.0 0.0 0.0 -0.0 0.0 
-0.0 -0.0 -0.0 -0.0 0.0 -0.0 
0.0 0.0 0.0 0.0 -0.0 0.0 
-0.0 0.0 -0.0 0.0 -0.0 -0.0 


0.0 0.0 0.0 0.0 0.0 0.0 
0.0 -0.0 0.0 0.0 0.0 0.0 
0.0 -0.0 0.0 -0.0 0.0 0.0 


0.0 0.0 -4.55499553827e-11 0.0 -0.0 0.0 
-0.0 -0.0 -3.42147345879e-10 -0.0 -0.0 -0.0 
0.0 0.0 9.86364767248e-15 0.0 -0.0 0.0 
-0.0 -0.0 -2.32463373703e-09 -0.0 -0.0 -0.0 
0.0 0.0 2.16499979773e-10 0.0 -0.0 0.0 
0.0 -0.0 -5.36429321319e-11 -0.0 -0.0 -0.0 


---------------------------------------------------------------------------------------------
-0.031758758949 0.0563950803575 0.00035623257324 0.136886600158 0.0115559608407 0.0518002928605 
-0.0307158157287 -0.00309688519554 -0.00651448902333 -0.0160977653033 -0.00120789431272 0.00431047557023 
0.0301113913494 0.136890821877 -0.00369297761951 0.976626833131 -0.00373138384941 0.00697236435694 
-0.00915499926657 -0.0137156694607 -0.0745461484162 -0.0973824062461 0.000356076309045 -0.00236942557778 
-0.118631410556 0.0518184956899 0.0220705414777 0.00696889949396 -0.0082767995132 0.300249986476 
0.011852042522 -0.00537886310759 -0.00221083433129 -0.000633311276156 -0.0158475534583 -0.0298839828738 


0.432433725383 -0.0283242976189 0.0801565250416 0.0286882337255 0.00149087504817 -0.123840158044 
0.0801565250416 0.000361573678123 0.988462732141 -0.00355412337241 0.000408697878538 0.022822027235 
0.00149087504817 0.0138344981013 0.000408697878537 -0.00383895163568 0.980249071455 -0.00723299013714 


1.17125106141e-11 -1.05617041069e-19 5.08155574876e-11 -0.00676627664591 3.91036737686e-16 -5.68158811996e-30 
5.68150397519e-12 9.77472224256e-20 -8.05332120888e-12 0.00633299830616 -2.80760160967e-16 6.506314362e-30 
1.59933785894e-11 1.81396237678e-19 -5.50815109959e-12 0.0117676410652 -1.58662689075e-15 1.2341316696e-29 
-2.378956942e-12 -2.92977039691e-20 4.33201617255e-13 -0.00190121068318 1.67730448833e-16 -2.00338397963e-30 
2.015625267e-11 9.03408560556e-19 6.66177307397e-12 0.0585650168169 2.61250325761e-15 6.08440150808e-29 
-1.95907579711e-12 -9.3046367114e-20 -1.22651160766e-12 -0.0060325193079 -3.49346438196e-16 -6.27794131645e-30 


---------------------------------------------------------------------------------------------
