1.16393952746e-06 0.999997397464 -3.26954757329e-06 4.17533455063e-06 2.28630914517e-06 -4.74777574111e-06 
-0.171695102671 -0.0390828032674 -0.0417855682098 0.282963253026 0.135650698656 0.0635015431947 
-1.24872833662e-06 -1.68080789522e-06 3.82698333329e-06 0.999998724816 -9.75965374111e-07 1.11956640501e-06 
-0.0714890256158 0.0411441274247 -0.103991437988 0.0948298833425 0.0987804124454 0.0434874062863 
5.16821403234e-06 -2.1747816732e-05 -1.43779760558e-05 3.23759542909e-05 8.3561588381e-06 1.00000075651 
-0.0317785420021 0.0178722819379 -0.0111029511269 0.0878868791729 0.0261446738803 -0.0813301264847 

1.90772181385e-09 1.90772168895e-09 1.90772113384e-09 
0.0208140652948 0.0208140652948 0.0208140652948 
3.16155101771e-08 3.16155111208e-08 3.16155115649e-08 
0.0144491568363 0.0144491568363 0.0144491568363 
-2.96586715711e-08 -2.96586711652e-08 -2.96586711722e-08 
0.00641552595122 0.00641552595122 0.00641552595122 

1.0 -3.48282617868e-17 -5.43049745087e-17 4.65844037862e-16 4.50436369235e-18 -4.05161185834e-17 
-6.57082852001e-16 -1.22124532709e-15 1.0 2.40584462075e-15 1.11022302463e-16 4.07660016855e-17 
-6.30943955618e-16 -2.6645352591e-15 -2.77555756156e-16 3.25650964528e-15 1.0 9.45424294407e-17 

7.95887002291e-16 -3.32626180175e-16 -3.11802435261e-16 
-9.15933995316e-16 5.82867087928e-16 3.60822483003e-16 
3.33066907388e-16 5.55111512313e-17 2.77555756156e-16 

0.00418285203457 2.8535697627e-05 1.39180404829e-06 -5.79965122932e-05 -6.12486681262e-07 4.42681676402e-05 
0.0138201174185 -0.481893781525 0.0496733917796 1.91039711128 -0.0264838485048 -1.9329395996 
3.9977315479e-07 5.51035734827e-06 0.00902326650731 -2.15660593339e-05 2.0637088982e-07 3.48789841539e-05 
0.00832757694459 -0.301417218219 0.0420581300355 1.33342568535 -0.0193606618847 -1.46709807102 
-2.16793220413e-06 -4.4873948449e-05 4.39547326928e-06 7.87192407196e-05 0.00176102542213 0.000152774625522 
0.00373574509769 -0.133484151948 0.0149705437673 0.58145109252 -0.00831320492995 -0.634649477996 

