0.000430883032631 1.0009122376 -5.28514520681e-05 -0.000180060140393 1.60657600475e-05 -0.000249131758102 
-0.0800413805014 -0.100086521436 5.0758704572e-06 1.71244050883e-05 -1.62744721181e-06 2.33959471758e-05 
-7.13608942741e-06 -1.85889992906e-05 8.51152465964e-07 1.00000271764 6.07675174671e-07 1.73446684305e-05 
-6.81731940779e-06 3.32600043341e-05 -0.0757988110485 -0.100004257832 -1.10203634837e-06 -9.31236561584e-06 
8.11453252668e-07 -3.31348376754e-07 -8.24295098551e-08 2.69401154789e-09 -7.36587203003e-09 0.999997373124 
-2.57149585279e-07 -1.04784557738e-06 2.75055530192e-08 1.78483261658e-07 -0.0170399899903 -0.0999995030754 


1.0 -3.28127159741e-16 1.25403083137e-17 6.74217803891e-17 -3.31773148284e-17 -5.63536342385e-17 
-1.53276554829e-15 -1.55431223448e-15 1.0 4.96130914129e-16 1.07552855511e-16 1.15012166457e-15 
2.46250074983e-15 -7.38992200766e-15 -3.92047505571e-16 9.0118884577e-16 1.0 -5.3234326669e-17 


3.13644327513 -3631457.15629 -1.1263014299e-08 0.0144606573354 -433.356059818 205.150688757 
-0.20996643165 346527.696913 7.79011868901e-10 -0.00137991687171 42.3442725071 -19.5762727257 
-0.0108264567323 54736.9776938 7.41391202868e-11 -0.000218026517285 -4.75435908513 -3.09223772333 
0.460747843199 13924.7585746 -1.58340963295e-09 -5.33974170324e-05 5.06442538398 -0.78664669546 
0.00878858874296 -7937.86270395 -3.15113449902e-11 3.17766018597e-05 -0.522407808187 0.448431011565 
-0.00562019964372 2400.02372796 1.87946621824e-11 -9.63260360018e-06 0.0589572182286 -0.13558373467 


---------------------------------------------------------------------------------------------
0.0 0.0 -0.0 0.0 -0.0 0.0 
-0.0 -0.0 -0.0 -0.0 0.0 -0.0 
0.0 0.0 0.0 0.0 -0.0 0.0 
-0.0 -0.0 -0.0 -0.0 0.0 -0.0 
0.0 0.0 0.0 0.0 -0.0 0.0 
-0.0 0.0 -0.0 0.0 -0.0 -0.0 


0.0 0.0 0.0 0.0 0.0 0.0 
0.0 -0.0 0.0 0.0 0.0 0.0 
0.0 -0.0 0.0 -0.0 0.0 0.0 


0.0 0.0 -4.23817741014e-07 0.0 -0.0 0.0 
-0.0 -0.0 -3.48595487744e-06 -0.0 0.0 -0.0 
0.0 0.0 0.0 0.0 -0.0 0.0 
-0.0 -0.0 -2.39668763739e-05 -0.0 -0.0 -0.0 
0.0 0.0 2.22783210441e-06 0.0 -0.0 0.0 
-0.0 -0.0 -5.20740669342e-07 -0.0 -0.0 -0.0 


---------------------------------------------------------------------------------------------
-0.0338247834801 0.0541755376686 0.000351077945843 0.137234111805 0.0100592205314 0.0518179256686 
-0.0280118044746 -0.00270992166538 -0.00685597801297 -0.0165442960401 -0.00144217079032 0.00231394760452 
0.0352586229426 0.137237648408 -0.00439695292367 0.975778538559 -0.00451800109649 0.00286657954232 
-0.00999344372849 -0.0137494689645 -0.0744283443416 -0.0972442437032 0.000503625729174 -0.00168274113524 
-0.0936958544052 0.0518332900282 0.0184306825481 0.00286305836172 -0.0135250643506 0.279069277092 
0.00927667989184 -0.00535483728829 -0.00183137849569 -0.000209320825891 -0.0152833593654 -0.0276764704625 


0.432434572296 -0.0283246555906 0.0801563651471 0.0286883808657 0.00149104195411 -0.123840445157 
0.0801563651471 0.000361604368151 0.988462760448 -0.00355413973349 0.000408675122775 0.0228220594534 
0.00149104195411 0.0138346977948 0.000408675122775 -0.0038389890494 0.980249061323 -0.00723295730295 


2.13963592796e-07 -1.49382689661e-11 6.41656098802e-07 -0.00326331032399 1.79208611112e-08 3.80642171806e-16 
3.38766506063e-07 2.71887110002e-11 -8.38163486782e-08 0.00721975434285 -8.58684947329e-09 3.53811334876e-16 
8.25352931556e-07 5.28692474467e-11 -3.64136759846e-08 0.0142113061391 -3.81869e-08 8.24731874141e-16 
-1.24242728643e-07 -8.7150562444e-12 -3.68445422514e-10 -0.00234377763961 4.22631092131e-09 -1.38657290685e-16 
1.6149727061e-06 2.69424123793e-10 2.80415740657e-07 0.0715350225757 2.84411210513e-08 3.90277270532e-15 
-1.59759114244e-07 -2.79376612932e-11 -3.61982409707e-08 -0.00742072730918 -4.82803931781e-09 -4.08506516514e-16 


---------------------------------------------------------------------------------------------
