-3.03315074224e-07 0.999991705498 -4.08537774336e-07 1.32657711892e-05 5.06699310118e-07 -1.73071721045e-06 
-0.317521886376 0.531602822399 0.384190608564 -0.545917240304 -0.00270727884414 0.204688386926 
-3.47141613883e-06 -3.46591384128e-08 4.4813720926e-06 0.999999938951 1.38114116977e-07 1.87320144099e-07 
-0.164424973299 0.437288789697 0.190155811823 -0.477983880639 -0.00187288285338 0.141716378612 
-5.95993439534e-07 1.19542875611e-06 1.28545841868e-06 -1.29692696635e-06 -2.30627047532e-07 1.00000067772 
-0.0730711121916 0.194396245563 0.118197288273 -0.168063989746 -0.017875112555 -0.0370120066771 

-6.81275003946e-09 -6.81274925536e-09 -6.81274902638e-09 
0.0194128808776 0.0194128808261 0.0194128808225 
6.15862928014e-09 6.15862883605e-09 6.15862894707e-09 
0.0134397536139 0.0134397535782 0.0134397535757 
-1.20674205348e-08 -1.20674214785e-08 -1.20674214785e-08 
0.00597327104103 0.00597327102514 0.00597327102404 

1.0 -1.02205002775e-16 -5.67358081288e-16 -1.91982286593e-16 -5.63732007803e-17 5.27346090428e-17 
-1.14854716569e-15 -5.60662627436e-15 1.0 8.0985565476e-15 4.99600361081e-16 -1.47017814589e-16 
-3.50473011727e-15 -1.64313007645e-14 5.10702591328e-15 2.43307977932e-14 1.0 -6.67868538251e-17 

1.4833563748e-15 -3.04081229192e-16 -8.88482909296e-16 
-1.83186799063e-15 7.49400541622e-16 1.47104550763e-15 
3.88578058619e-16 3.60822483003e-16 3.60822483003e-16 

1.11183927787e-06 0.000605076780559 7.55085799373e-08 -0.00343288340007 -2.12604966965e-09 0.00633151308872 
0.000408338560962 -30.6488681422 0.000790358888518 125.63627204 3.33463353572e-05 -553.729222446 
7.39491711266e-08 -0.000784836470785 7.39131149381e-06 0.00503752625484 -5.86154231015e-10 -0.000675187757441 
0.000281272352781 -21.2212665161 0.000546209547093 86.9992802739 2.30761723488e-05 -383.412390989 
1.32744336701e-08 -0.000629687433251 -7.11885544907e-08 0.00334213503336 -1.29751672555e-07 -0.00361561796309 
0.000124884400039 -9.43303844215 0.000245304958692 38.6744244808 1.02723780924e-05 -170.432973593 


---------------------------------------------------------------------------------------------
0.0 0.0 0.0 0.0 -0.0 0.0 
-0.0 0.0 -0.0 -0.0 0.0 0.0 
0.0 0.0 0.0 0.0 -0.0 0.0 
-0.0 0.0 -0.0 0.0 0.0 0.0 
0.0 0.0 0.0 0.0 -0.0 0.0 
0.0 0.0 0.0 0.0 -0.0 0.0 

0.0 0.0 0.0 
0.0 0.0 0.0 
0.0 0.0 0.0 
0.0 0.0 0.0 
0.0 0.0 0.0 
0.0 0.0 0.0 

0.0 0.0 0.0 0.0 0.529797707297 0.0 
0.0 0.0 0.0 0.0 0.346295939893 0.0 
0.0 -0.0 0.0 -0.0 0.847661674324 0.0 

0.0 0.0 0.0 
0.0 0.0 0.0 
0.0 0.0 0.0 

0.0 0.0 -0.0 0.0 1.34879069198e-05 0.0 
-0.000613976067745 0.0 -0.0 0.0 7.6418351349e-05 -0.0 
4.60578878633e-05 0.0 -0.0 0.0 0.0 0.0 
-0.000382902025763 0.0 -0.0 0.0 4.83384632812e-05 -0.0 
0.00174831509452 0.0 0.0 0.0 -0.000132565297921 0.0 
-0.0 0.0 -0.0 0.0 -2.24908437218e-05 0.0 


---------------------------------------------------------------------------------------------
-0.0191583735283 0.821027792054 0.0156423262833 0.268923258429 0.00657770189787 0.0214093565059 
-0.229587827307 -0.143814182294 0.182011871076 0.31805813472 0.0426535950933 0.0783192817662 
0.0435148927765 0.268924751872 -0.0402062663119 0.575831398123 -0.0127132010366 -0.0326588576954 
-0.113943883213 -0.0718928777288 0.0614736967214 0.186736347607 0.0314788008621 0.0588446249425 
0.000290271580091 0.0214087045154 0.00184571469827 -0.0326575143919 -0.00169009755232 0.990536795988 
-0.0474298330659 -0.021727665821 0.0572792538314 0.110714199597 -0.00347660570615 -0.0742609487043 

-0.000162277582339 -0.000162277582339 -0.000162277582455 
0.0232259474423 0.0232259474424 0.0232259474429 
0.000893323231339 0.000893323231344 0.000893323231326 
0.0159209241983 0.0159209241984 0.0159209241987 
0.000206306660824 0.000206306660825 0.000206306660937 
0.00710933489488 0.00710933489491 0.00710933489505 

0.891729709391 0.00291672525064 0.150173090886 0.0551824537364 0.00178264517431 -0.00738668836835 
0.150173090886 -0.0140660081792 0.789913309786 -0.0629063081833 -0.00192357141029 0.0148828394037 
0.00178264517449 0.00280770694949 -0.00192357141054 -0.00645335716211 0.999445534333 -0.00289020184431 

-0.00218547075838 -0.00218547075838 -0.00218547075894 
0.00328860314517 0.00328860314517 0.00328860314712 
0.000236543166478 0.000236543166478 0.000236543163993 

0.000141298698861 0.00492823978997 -0.000589401181558 0.00112900483705 -3.26996904022e-05 0.000795904919781 
-0.00105644472128 -0.0773611866175 0.00640218060638 -0.0142610081557 -0.00020679863628 -0.00186635726564 
-0.000140538556689 0.00606999612421 0.000332984112195 0.000560767904093 6.38573786666e-05 -0.00115741196456 
-0.000682083259466 -0.0545432536137 0.00424351408505 -0.00996722570062 -0.000152611825192 -0.00114500706684 
-2.42205961919e-05 0.00327161755103 0.000118449318896 0.000575313167649 8.82159655533e-06 0.000228046728272 
-0.000315106513151 -0.0240537600979 0.00192688029749 -0.00442069112315 -6.5840524106e-05 -0.00057395884253 


---------------------------------------------------------------------------------------------
